"No."	"PosX"	"PosY"	"PosZ"	"FrontX"	"FrontY"	"FrontZ"	"LeftX"	"LeftY"	"LeftZ"	"UpX"	"UpY"	"UpZ"
1	-81.995967	14.497126	87.197901	0.002782	-0.001283	-0.999995	-0.999996	0.000000	-0.002782	0.000004	0.999999	-0.001283
2	-81.987639	14.493222	84.197915	0.002776	-0.001302	-0.999995	-0.999996	0.000001	-0.002776	0.000005	0.999999	-0.001302
3	-81.979311	14.489317	81.197930	0.002776	-0.001302	-0.999995	-0.999996	0.000004	-0.002776	0.000008	0.999999	-0.001302
4	-81.970984	14.485412	78.197944	0.002776	-0.001302	-0.999995	-0.999996	0.000007	-0.002776	0.000011	0.999999	-0.001302
5	-81.962656	14.481508	75.197958	0.002776	-0.001302	-0.999995	-0.999996	0.000009	-0.002776	0.000012	0.999999	-0.001301
6	-81.954328	14.477603	72.197972	0.002776	-0.001302	-0.999995	-0.999996	0.000008	-0.002776	0.000012	0.999999	-0.001302
7	-81.946000	14.473699	69.197986	0.002776	-0.001302	-0.999995	-0.999996	0.000004	-0.002776	0.000007	0.999999	-0.001302
8	-81.939068	14.506189	66.198525	0.001476	0.049607	-0.998768	-0.999999	-0.000003	-0.001478	-0.000076	0.998769	0.049607
9	-81.937614	14.989494	63.247157	0.000000	0.315747	-0.948844	-1.000000	0.000013	0.000004	0.000014	0.948844	0.315747
10	-81.937614	16.447862	60.642030	0.000000	0.616278	-0.787529	-1.000000	-0.000000	-0.000000	-0.000001	0.787529	0.616278
11	-81.937614	18.461418	58.420184	-0.000000	0.694602	-0.719395	-1.000000	0.000000	0.000000	0.000000	0.719395	0.694602
12	-81.937614	20.545223	56.262000	-0.000000	0.694602	-0.719395	-1.000000	0.000009	0.000008	0.000012	0.719395	0.694602
13	-81.937614	22.629028	54.103816	-0.000000	0.694602	-0.719395	-1.000000	0.000028	0.000027	0.000038	0.719395	0.694602
14	-81.937614	24.712832	51.945632	-0.000000	0.694602	-0.719395	-1.000000	0.000055	0.000053	0.000076	0.719395	0.694602
15	-81.937614	26.796637	49.787448	-0.000000	0.694602	-0.719395	-1.000000	0.000088	0.000085	0.000122	0.719395	0.694602
16	-81.937614	28.880442	47.629264	-0.000000	0.694602	-0.719395	-1.000000	0.000124	0.000120	0.000172	0.719395	0.694602
17	-81.937614	30.964247	45.471080	-0.000000	0.694602	-0.719395	-1.000000	0.000161	0.000156	0.000224	0.719395	0.694602
18	-81.937614	33.048051	43.312896	-0.000000	0.694602	-0.719395	-1.000000	0.000197	0.000190	0.000274	0.719395	0.694602
19	-81.937614	35.131856	41.154712	-0.000000	0.694602	-0.719395	-1.000000	0.000228	0.000220	0.000317	0.719395	0.694602
20	-81.937614	37.215661	38.996528	-0.000000	0.694602	-0.719395	-1.000000	0.000253	0.000245	0.000352	0.719395	0.694602
21	-81.937614	39.299466	36.838345	-0.000000	0.694602	-0.719395	-1.000000	0.000270	0.000260	0.000375	0.719395	0.694602
22	-81.937614	41.383270	34.680161	-0.000000	0.694602	-0.719395	-1.000000	0.000275	0.000265	0.000382	0.719395	0.694602
23	-81.937614	43.467075	32.521977	-0.000000	0.694602	-0.719395	-1.000000	0.000266	0.000257	0.000369	0.719395	0.694602
24	-81.937614	45.550880	30.363793	-0.000000	0.694602	-0.719395	-1.000000	0.000241	0.000232	0.000334	0.719395	0.694602
25	-81.937614	47.634684	28.205609	-0.000000	0.694602	-0.719395	-1.000000	0.000197	0.000190	0.000274	0.719395	0.694602
26	-81.937614	49.718489	26.047425	-0.000000	0.694602	-0.719395	-1.000000	0.000132	0.000128	0.000184	0.719395	0.694602
27	-81.937614	51.802294	23.889241	-0.000000	0.694602	-0.719395	-1.000000	0.000044	0.000042	0.000061	0.719395	0.694602
28	-81.937614	53.850400	21.697881	0.000000	0.650240	-0.759729	-1.000000	-0.000068	-0.000058	-0.000090	0.759729	0.650240
29	-81.937614	55.573117	19.249174	0.000000	0.476179	-0.879348	-1.000000	-0.000124	-0.000067	-0.000141	0.879348	0.476179
30	-81.937614	56.629231	16.451257	0.000000	0.221344	-0.975196	-1.000000	0.000128	0.000029	0.000131	0.975196	0.221344
31	-81.936764	56.881745	13.471341	0.001577	-0.051342	-0.998680	-0.999998	0.000673	-0.001614	0.000755	0.998681	-0.051341
32	-81.922190	56.346347	10.527582	0.007250	-0.297596	-0.954664	-0.999971	0.000019	-0.007600	0.002280	0.954692	-0.297587
33	-81.903602	55.145343	7.784760	0.003272	-0.494060	-0.869422	-0.999732	-0.021540	0.008478	-0.022916	0.869161	-0.493998
34	-81.900072	53.424800	5.332476	0.000179	-0.647034	-0.762461	-0.999732	-0.017781	0.014854	-0.023169	0.762254	-0.646864
35	-81.900003	51.283746	3.237349	0.000000	-0.777792	-0.628521	-0.993172	0.073321	-0.090734	0.116656	0.624230	-0.772482
36	-81.908260	48.779761	1.594142	-0.008839	-0.886372	-0.462889	-0.928093	0.179593	-0.326174	0.372243	0.426721	-0.824223
37	-81.989351	46.011090	0.451993	-0.054091	-0.949734	-0.308349	-0.791507	0.229043	-0.566618	0.608762	0.213411	-0.764111
38	-82.260027	43.133960	-0.348871	-0.126256	-0.962061	-0.241864	-0.622203	0.266694	-0.736028	0.772607	0.057561	-0.632269
39	-82.727244	40.255895	-1.053250	-0.180193	-0.956283	-0.230332	-0.431794	0.287299	-0.854993	0.883790	-0.054608	-0.464687
40	-83.304062	37.387260	-1.714750	-0.197795	-0.958042	-0.207443	-0.252095	0.254222	-0.933712	0.947272	-0.132388	-0.291802
41	-83.872135	34.500367	-2.299643	-0.171548	-0.967842	-0.183990	-0.131577	0.207594	-0.969326	0.976350	-0.142077	-0.162958
42	-84.284625	31.577945	-2.833273	-0.095997	-0.980206	-0.173150	-0.093036	0.182028	-0.978882	0.991024	-0.077860	-0.108668
43	-84.407788	28.627003	-3.349595	0.020834	-0.984458	-0.174380	-0.137328	0.169947	-0.975838	0.990306	0.044278	-0.131653
44	-84.114093	25.696375	-3.901672	0.181554	-0.963422	-0.197121	-0.232137	0.152800	-0.960606	0.955589	0.220161	-0.195904
45	-83.308220	22.883487	-4.543945	0.352979	-0.906504	-0.231637	-0.315156	0.117910	-0.941687	0.880956	0.405397	-0.244070
46	-82.028842	20.279120	-5.292332	0.493329	-0.827666	-0.267575	-0.368722	0.079628	-0.926123	0.787827	0.555544	-0.265896
47	-80.384716	17.923631	-6.148991	0.598026	-0.741891	-0.303254	-0.405167	0.046620	-0.913053	0.691524	0.668898	-0.272709
48	-78.463955	15.831487	-7.109132	0.679045	-0.652559	-0.336250	-0.427480	0.020870	-0.903784	0.596790	0.757450	-0.264784
49	-76.327633	14.010217	-8.162331	0.742589	-0.561479	-0.365106	-0.437425	0.006213	-0.899234	0.507169	0.827468	-0.240991
50	-74.021971	12.463347	-9.294804	0.792510	-0.469661	-0.389032	-0.440313	0.000719	-0.897844	0.421962	0.882847	-0.206228
51	-71.583765	11.192347	-10.491451	0.831245	-0.377660	-0.407927	-0.440689	-0.000371	-0.897660	0.338859	0.925944	-0.166739
52	-69.044193	10.197296	-11.737779	0.860271	-0.285779	-0.422213	-0.440559	0.000105	-0.897723	0.256595	0.958296	-0.125812
53	-66.430798	9.477329	-13.020412	0.880612	-0.194259	-0.432188	-0.440542	0.000218	-0.897732	0.174486	0.980950	-0.085387
54	-63.768515	9.031502	-14.326972	0.892956	-0.102972	-0.438207	-0.440543	0.000064	-0.897731	0.092470	0.994684	-0.045307
55	-61.080660	8.859770	-15.645928	0.897681	-0.011506	-0.440495	-0.440524	0.000043	-0.897741	0.010348	0.999934	-0.005030
56	-58.389979	8.962807	-16.966269	0.894858	0.080211	-0.439085	-0.440511	0.000087	-0.897747	-0.071971	0.996778	0.035411
57	-55.719191	9.341120	-18.276745	0.884363	0.172018	-0.433949	-0.440530	0.000088	-0.897738	-0.154388	0.985094	0.075857
58	-53.091907	9.995714	-19.565986	0.865755	0.264553	-0.424829	-0.440545	0.000084	-0.897731	-0.237461	0.964371	0.116620
59	-50.533482	10.929258	-20.821257	0.838302	0.357927	-0.411264	-0.440482	0.000111	-0.897762	-0.321287	0.933750	0.157753
60	-48.072046	12.143785	-22.028886	0.800942	0.451704	-0.393007	-0.440529	0.000046	-0.897738	-0.405494	0.892168	0.199026
61	-45.739161	13.639918	-23.173602	0.752231	0.545843	-0.369058	-0.440472	0.000017	-0.897766	-0.490033	0.837887	0.240442
62	-43.572593	15.419353	-24.236237	0.689445	0.640589	-0.338099	-0.440392	0.000123	-0.897805	-0.575083	0.767884	0.282195
63	-41.619798	17.482475	-25.194152	0.609647	0.734077	-0.299100	-0.440559	0.000103	-0.897724	-0.658968	0.679066	0.323467
64	-39.925867	19.812069	-26.025314	0.519044	0.815919	-0.254694	-0.440603	0.000065	-0.897702	-0.732435	0.578166	0.359530
65	-38.498390	22.354257	-26.725707	0.435980	0.874169	-0.213893	-0.440541	0.000056	-0.897733	-0.784758	0.485622	0.385131
66	-37.280216	25.029273	-27.323157	0.382795	0.904555	-0.187746	-0.440552	0.000107	-0.897727	-0.812024	0.426357	0.398544
67	-36.155468	27.755114	-27.875085	0.375335	0.908396	-0.184227	-0.440676	0.000029	-0.897666	-0.815431	0.418110	0.400320
68	-34.982129	30.455163	-28.450641	0.413737	0.887497	-0.202904	-0.440596	0.000161	-0.897705	-0.796678	0.460813	0.391094
69	-33.643029	33.056981	-29.107483	0.482514	0.843308	-0.236668	-0.440497	0.000090	-0.897754	-0.757062	0.537430	0.371518
70	-32.074461	35.493894	-29.876607	0.564547	0.777611	-0.276781	-0.440360	0.000134	-0.897821	-0.698118	0.628746	0.342504
71	-30.249642	37.697579	-30.771217	0.652679	0.686798	-0.319874	-0.440259	0.000207	-0.897871	-0.616589	0.726849	0.302504
72	-28.158570	39.583776	-31.796458	0.741167	0.564349	-0.363568	-0.440443	0.000066	-0.897781	-0.506638	0.825536	0.248612
73	-25.810235	41.044220	-32.948260	0.821919	0.402485	-0.403057	-0.440356	0.000156	-0.897823	-0.361297	0.915427	0.177365
74	-23.250881	41.961324	-34.203531	0.878996	0.203371	-0.431285	-0.440517	0.000144	-0.897744	-0.182513	0.979102	0.089715
75	-20.575164	42.241278	-35.516760	0.897543	-0.018856	-0.440524	-0.440599	0.000151	-0.897704	0.016993	0.999822	-0.008172
76	-17.910808	41.848193	-36.824030	0.871345	-0.240890	-0.427469	-0.440403	0.000161	-0.897800	0.216340	0.970552	-0.105948
77	-15.385448	40.821374	-38.063031	0.807126	-0.437843	-0.396031	-0.440411	0.000202	-0.897796	0.393174	0.899051	-0.192667
78	-13.090298	39.259973	-39.189271	0.720690	-0.596300	-0.353598	-0.440362	0.000172	-0.897820	0.535431	0.802762	-0.262465
79	-11.067953	37.283222	-40.181148	0.627371	-0.715364	-0.307671	-0.440279	0.000038	-0.897861	0.642309	0.698752	-0.314936
80	-9.324684	34.999278	-41.036182	0.535682	-0.802483	-0.262804	-0.440358	0.000074	-0.897822	0.720507	0.596675	-0.353340
81	-7.847392	32.492834	-41.761221	0.450683	-0.864848	-0.221185	-0.440372	0.000133	-0.897815	0.776504	0.502034	-0.380795
82	-6.605105	29.832104	-42.370737	0.381606	-0.905164	-0.187231	-0.440327	0.000079	-0.897838	0.812705	0.425063	-0.398537
83	-5.523120	27.085119	-42.901795	0.347438	-0.922061	-0.170559	-0.440456	0.000100	-0.897774	0.827820	0.387045	-0.406093
84	-4.469264	24.324453	-43.419230	0.364314	-0.913924	-0.178935	-0.440607	0.000121	-0.897700	0.820452	0.405885	-0.402637
85	-3.286448	21.630293	-43.999889	0.431429	-0.876975	-0.211623	-0.440452	-0.000038	-0.897776	0.787319	0.480536	-0.386281
86	-1.849897	19.095056	-44.704375	0.529125	-0.807882	-0.259527	-0.440291	0.000060	-0.897855	0.725377	0.589345	-0.355671
87	-0.109314	16.809164	-45.558082	0.629692	-0.712827	-0.308813	-0.440250	0.000077	-0.897875	0.640054	0.701340	-0.313774
88	1.911433	14.829541	-46.549273	0.714066	-0.606134	-0.350301	-0.440365	0.000094	-0.897819	0.544231	0.795363	-0.266853
89	4.155243	13.173848	-47.649859	0.778720	-0.497723	-0.381926	-0.440318	0.000051	-0.897842	0.446896	0.867336	-0.219117
90	6.567329	11.842875	-48.832837	0.826882	-0.389636	-0.405524	-0.440293	0.000079	-0.897854	0.349868	0.920969	-0.171489
91	9.103051	10.836073	-50.076450	0.861514	-0.281518	-0.422541	-0.440325	0.000096	-0.897838	0.252798	0.959556	-0.123877
92	11.724558	10.153987	-51.362212	0.884250	-0.173247	-0.433689	-0.440336	0.000076	-0.897833	0.155580	0.984878	-0.076220
93	14.397553	9.796397	-52.673064	0.895961	-0.065124	-0.439333	-0.440265	0.000051	-0.897868	0.058495	0.997877	-0.028626
94	17.089646	9.763242	-53.993196	0.897000	0.043111	-0.439923	-0.440336	0.000089	-0.897833	-0.038668	0.999070	0.019063
95	19.768915	10.055772	-55.307341	0.887392	0.151923	-0.435264	-0.440395	0.000144	-0.897804	-0.136334	0.988392	0.067034
96	22.402927	10.675300	-56.599164	0.866703	0.261151	-0.425002	-0.440285	0.000015	-0.897858	-0.234470	0.965298	0.114993
97	24.957128	11.622718	-57.851555	0.833963	0.370571	-0.408881	-0.440158	-0.000181	-0.897920	-0.332817	0.928804	0.162959
98	27.392188	12.901159	-59.045151	0.786767	0.482025	-0.385550	-0.440211	0.000333	-0.897894	-0.432679	0.876157	0.212454
99	29.660872	14.514617	-60.157267	0.722990	0.592868	-0.354673	-0.438840	-0.002394	-0.898562	-0.533578	0.805296	0.258444
100	31.718267	16.446062	-61.169242	0.647680	0.691461	-0.319988	-0.428180	-0.017059	-0.903533	-0.630216	0.722213	0.285021
101	33.550728	18.636733	-62.082840	0.576467	0.763440	-0.291281	-0.397795	-0.049177	-0.916156	-0.713754	0.644004	0.275344
102	35.202489	20.991088	-62.934881	0.530732	0.799910	-0.280121	-0.337915	-0.103393	-0.935480	-0.777262	0.591147	0.215427
103	36.776745	23.400617	-63.780933	0.526393	0.800677	-0.286056	-0.242288	-0.181232	-0.953127	-0.814989	0.571027	0.098595
104	38.404058	25.762937	-64.658010	0.564945	0.769220	-0.298560	-0.113933	-0.285647	-0.951538	-0.817225	0.571583	-0.073735
105	40.195544	27.990316	-65.565455	0.632366	0.712360	-0.304395	0.032154	-0.416732	-0.908460	-0.774002	0.564692	-0.286433
106	42.207572	30.021681	-66.469206	0.709650	0.639737	-0.295183	0.172257	-0.563790	-0.807755	-0.683172	0.522376	-0.510293
107	44.453444	31.817576	-67.317980	0.787169	0.555789	-0.267327	0.277967	-0.706653	-0.650674	-0.550544	0.437882	-0.710746
108	46.925551	33.346034	-68.052911	0.859679	0.461446	-0.219135	0.324982	-0.825004	-0.462337	-0.394131	0.326246	-0.859200
109	49.601287	34.575913	-68.612543	0.921889	0.356895	-0.150818	0.305676	-0.909137	-0.282900	-0.238080	0.214701	-0.947218
110	52.440723	35.477682	-68.940504	0.967880	0.242783	-0.065310	0.230550	-0.960700	-0.154602	-0.100278	0.134579	-0.985816
111	55.387035	36.023117	-68.992543	0.992351	0.119230	0.031999	0.122012	-0.986719	-0.107230	0.018789	0.110314	-0.993719
112	58.368951	36.184438	-68.744836	0.991040	-0.012958	0.132934	0.007411	-0.988415	-0.151594	0.133358	0.151221	-0.979463
113	61.305555	35.939805	-68.201740	0.962141	-0.150647	0.227133	-0.084055	-0.956750	-0.278505	0.259265	0.248869	-0.933191
114	64.116081	35.280669	-67.398324	0.907678	-0.288175	0.305083	-0.130637	-0.884865	-0.447156	0.398816	0.366019	-0.840819
115	66.732405	34.219124	-66.393850	0.834040	-0.417624	0.360510	-0.124895	-0.779407	-0.613942	0.537381	0.467027	-0.702216
116	69.109662	32.789315	-65.258855	0.749715	-0.532811	0.392479	-0.073181	-0.656198	-0.751032	0.657702	0.534338	-0.530953
117	71.226659	31.038447	-64.059070	0.661517	-0.631675	0.404204	0.008288	-0.532798	-0.846202	0.749884	0.563128	-0.347220
118	73.081349	29.016480	-62.850235	0.576232	-0.713129	0.399254	0.108416	-0.417496	-0.902188	0.810063	0.563155	-0.163260
119	74.697725	26.780287	-61.675519	0.504998	-0.773807	0.382360	0.220015	-0.312956	-0.923933	0.834608	0.550709	0.012207
120	76.139015	24.397970	-60.559959	0.461442	-0.810096	0.361684	0.333989	-0.219065	-0.916767	0.821902	0.543833	0.169477
121	77.501757	21.945766	-59.497247	0.453078	-0.820246	0.349166	0.442421	-0.133147	-0.886868	0.773941	0.556299	0.302568
122	78.889315	19.502366	-58.446616	0.476355	-0.804370	0.355071	0.541729	-0.049580	-0.839090	0.692543	0.592057	0.412132
123	80.378926	17.144918	-57.342016	0.518694	-0.763094	0.385545	0.629411	0.035632	-0.776255	0.578618	0.645305	0.498782
124	82.005381	14.947168	-56.110117	0.565090	-0.698392	0.439229	0.696299	0.118149	-0.707961	0.442540	0.705896	0.553054
125	83.760532	12.973845	-54.690476	0.602753	-0.614404	0.509114	0.738177	0.187110	-0.648140	0.302959	0.766484	0.566319
126	85.606144	11.272740	-53.050819	0.624943	-0.518607	0.583518	0.760035	0.233461	-0.606501	0.178307	0.822522	0.540059
127	87.495265	9.865077	-51.196384	0.632279	-0.419909	0.651076	0.770421	0.252167	-0.585545	0.081696	0.871830	0.482947
128	89.389231	8.752453	-49.155466	0.628946	-0.321960	0.707650	0.777427	0.253608	-0.575578	0.005847	0.912154	0.409806
129	91.261410	7.933370	-46.961114	0.617991	-0.223977	0.753606	0.783730	0.251202	-0.568036	-0.062080	0.941664	0.330778
130	93.090436	7.408340	-44.643656	0.600283	-0.126095	0.789785	0.789823	0.248860	-0.560579	-0.125860	0.960296	0.248979
131	94.856775	7.176879	-42.231539	0.576256	-0.028228	0.816782	0.795591	0.248033	-0.552734	-0.186986	0.968340	0.165388
132	96.541994	7.238828	-39.752003	0.546180	0.069647	0.834768	0.800958	0.248359	-0.544779	-0.245265	0.966161	0.079865
133	98.127292	7.595143	-37.231772	0.509574	0.167993	0.843868	0.806176	0.249522	-0.536488	-0.300690	0.953686	-0.008282
134	99.592584	8.247479	-34.698279	0.466082	0.267069	0.843470	0.811122	0.251757	-0.527921	-0.353341	0.930211	-0.099286
135	100.916494	9.198265	-32.181582	0.415221	0.366905	0.832450	0.815663	0.255060	-0.519267	-0.402846	0.894609	-0.193364
136	102.075194	10.449301	-29.715466	0.355629	0.467169	0.809494	0.820137	0.259382	-0.509997	-0.448223	0.845266	-0.290898
137	103.040244	12.000987	-27.338754	0.285963	0.567291	0.772273	0.824236	0.265429	-0.500182	-0.488732	0.779569	-0.391679
138	103.779737	13.852999	-25.100783	0.205115	0.666829	0.716427	0.826707	0.273789	-0.491523	-0.523912	0.693094	-0.495114
139	104.255624	15.998722	-23.063429	0.109039	0.763010	0.637123	0.828603	0.284296	-0.482278	-0.549115	0.580509	-0.601233
140	104.414967	18.422609	-21.310105	-0.006427	0.851087	0.524985	0.831612	0.296096	-0.469839	-0.555319	0.433565	-0.709677
141	104.194178	21.086227	-19.961258	-0.144583	0.919542	0.365429	0.831047	0.313303	-0.459567	-0.537081	0.237243	-0.809481
142	103.530196	23.893309	-19.168984	-0.299344	0.941422	0.155299	0.821177	0.337073	-0.460489	-0.485862	-0.010317	-0.873975
143	102.404521	26.660789	-19.058317	-0.447882	0.890223	-0.083089	0.812639	0.366564	-0.453044	-0.372853	-0.270431	-0.887608
144	100.880612	29.165489	-19.647883	-0.559647	0.771675	-0.302179	0.807714	0.426305	-0.407262	-0.185454	-0.471997	-0.861873
145	99.095102	31.271641	-20.805769	-0.624478	0.633872	-0.456326	0.778972	0.547976	-0.304836	0.056829	-0.545829	-0.835967
146	97.152880	32.986825	-22.311919	-0.669610	0.512385	-0.537665	0.665106	0.735859	-0.127066	0.330539	-0.442689	-0.833529
147	95.077738	34.347867	-23.993595	-0.713360	0.393572	-0.579844	0.382641	0.911929	0.148228	0.587115	-0.116132	-0.801130
148	92.880075	35.332821	-25.778328	-0.749581	0.260556	-0.608472	-0.071857	0.881798	0.466120	0.658000	0.393118	-0.642257
149	90.596069	35.900144	-27.634475	-0.770254	0.116824	-0.626946	-0.479113	0.542825	0.689777	0.420904	0.831681	-0.362141
150	88.275142	36.034571	-29.526455	-0.774349	-0.027446	-0.632163	-0.632678	0.049607	0.772825	0.010149	0.998392	-0.055778
151	85.969165	35.734809	-31.417658	-0.759365	-0.172330	-0.627429	-0.530341	-0.394738	0.750280	-0.376966	0.902488	0.208357
152	83.731129	35.012516	-33.276586	-0.735062	-0.303303	-0.606375	-0.284434	-0.673900	0.681877	-0.615451	0.673696	0.409089
153	81.507681	33.963011	-34.992265	-0.762874	-0.384677	-0.519660	-0.025607	-0.785139	0.618790	-0.646040	0.485366	0.589112
154	79.059863	32.786948	-36.247341	-0.876099	-0.383810	-0.291788	0.162480	-0.804841	0.570817	-0.453928	0.452682	0.767482
155	76.294573	31.733047	-36.635967	-0.949469	-0.311546	0.038050	0.282264	-0.794575	0.537566	-0.137243	0.521143	0.842363
156	73.477601	30.938097	-36.042057	-0.912023	-0.217545	0.347689	0.379054	-0.770829	0.511997	0.156627	0.598746	0.785475
157	70.899938	30.431939	-34.614861	-0.796081	-0.119567	0.593261	0.460435	-0.755843	0.465511	0.392752	0.643742	0.656766
158	68.755394	30.222019	-32.540940	-0.624901	-0.020291	0.780440	0.518186	-0.758489	0.395193	0.583936	0.651370	0.484495
159	67.202636	30.308642	-29.986751	-0.402146	0.077343	0.912303	0.551461	-0.774947	0.308784	0.730869	0.627276	0.268990
160	66.389909	30.679913	-27.134168	-0.131852	0.168507	0.976842	0.563050	-0.798312	0.213710	0.815837	0.578189	0.010381
161	66.460700	31.310164	-24.216046	0.188370	0.250087	0.949723	0.554019	-0.825534	0.107500	0.810913	0.505915	-0.294058
162	67.553653	32.162740	-21.577783	0.539302	0.313519	0.781574	0.508308	-0.861159	-0.005299	0.671399	0.400138	-0.623789
163	69.621464	33.143973	-19.671627	0.813536	0.329864	0.478904	0.444584	-0.883662	-0.146579	0.374838	0.332161	-0.865544
164	72.270727	34.076144	-18.645541	0.931124	0.281815	0.231492	0.358715	-0.822236	-0.441873	0.065814	0.494478	-0.866695
165	75.133467	34.786984	-18.110603	0.971283	0.185963	0.148415	0.227193	-0.539661	-0.810648	-0.070657	0.821087	-0.566413
166	78.075546	35.161336	-17.672571	0.986931	0.059711	0.149669	0.151374	-0.025094	-0.988158	-0.055248	0.997900	-0.033804
167	81.036300	35.124065	-17.207682	0.983441	-0.087687	0.158600	0.180969	0.521724	-0.833699	-0.009641	0.848596	0.528953
168	83.952144	34.622400	-16.732028	0.955906	-0.247826	0.157563	0.291278	0.868484	-0.401115	-0.037434	0.429322	0.902375
169	86.744296	33.641668	-16.261258	0.901372	-0.403392	0.157494	0.388928	0.914035	0.115213	-0.190432	-0.042596	0.980776
170	89.338357	32.221274	-15.776745	0.824707	-0.540189	0.167494	0.388224	0.756078	0.526905	-0.411266	-0.369517	0.833257
171	91.668594	30.414098	-15.243402	0.722388	-0.664615	0.190896	0.302971	0.552367	0.776595	-0.621582	-0.503167	0.600382
172	93.613937	28.226707	-14.612977	0.560735	-0.794932	0.231645	0.189653	0.395637	0.898612	-0.805983	-0.459951	0.372609
173	94.943472	25.656929	-13.857898	0.311590	-0.911593	0.268159	0.089170	0.309015	0.946868	-0.946023	-0.271123	0.177573
174	95.427090	22.824926	-13.037108	0.007015	-0.962142	0.272458	0.022310	0.272548	0.961884	-0.999726	-0.000669	0.023377
175	94.996562	19.971458	-12.259052	-0.287032	-0.926957	0.241584	-0.011719	0.255576	0.966718	-0.957849	0.274648	-0.084221
176	93.765496	17.324600	-11.604524	-0.521861	-0.830788	0.193530	-0.027083	0.242895	0.969674	-0.852601	0.500793	-0.149258
177	91.932284	15.011560	-11.099808	-0.690636	-0.708910	0.143071	-0.036672	0.231904	0.972047	-0.722273	0.666084	-0.186158
178	89.670173	13.079851	-10.744960	-0.810532	-0.578158	0.093651	-0.050652	0.228492	0.972227	-0.583499	0.783278	-0.214485
179	87.104874	11.544831	-10.538761	-0.894384	-0.445188	0.043410	-0.074417	0.243793	0.966968	-0.441065	0.861611	-0.251175
180	84.332225	10.408064	-10.488839	-0.949738	-0.312837	-0.011422	-0.105208	0.284610	0.952853	-0.294837	0.906162	-0.303218
181	81.431526	9.664071	-10.616427	-0.980030	-0.184033	-0.075316	-0.136948	0.350048	0.926667	-0.144173	0.918476	-0.368261
182	78.475343	9.300424	-10.952270	-0.986782	-0.059441	-0.150759	-0.161532	0.435421	0.885616	0.013002	0.898262	-0.439268
183	75.535156	9.299379	-11.534399	-0.969104	0.057270	-0.239913	-0.173924	0.531031	0.829311	0.174896	0.845415	-0.504663
184	72.687147	9.634104	-12.405552	-0.925144	0.163955	-0.342386	-0.175508	0.615013	0.768737	0.336610	0.771283	-0.540200
185	70.013421	10.273597	-13.597996	-0.852441	0.260652	-0.453216	-0.180311	0.667110	0.722808	0.490746	0.697871	-0.521674
186	67.602763	11.191384	-15.122233	-0.749189	0.351065	-0.561667	-0.210344	0.677984	0.704339	0.628070	0.645826	-0.434094
187	65.533423	12.368456	-16.942080	-0.631576	0.429857	-0.645240	-0.286703	0.643750	0.709497	0.720356	0.633094	-0.283336
188	63.788285	13.741690	-18.956705	-0.539435	0.479399	-0.692233	-0.408366	0.570003	0.712976	0.736375	0.667288	-0.111709
189	62.240100	15.200209	-21.071967	-0.502377	0.484860	-0.715911	-0.549748	0.459960	0.697290	0.667378	0.743873	0.035477
190	60.725061	16.601241	-23.249082	-0.513823	0.440675	-0.736065	-0.671310	0.327687	0.664803	0.534161	0.835719	0.127456
191	59.138555	17.803223	-25.492183	-0.544759	0.355185	-0.759659	-0.750051	0.198768	0.630805	0.375048	0.913419	0.158126
192	57.460477	18.710172	-27.805565	-0.572191	0.247083	-0.782015	-0.788741	0.095448	0.607270	0.224688	0.964282	0.140270
193	55.717510	19.277675	-30.178220	-0.587848	0.131020	-0.798291	-0.802160	0.033384	0.596175	0.104761	0.990818	0.085474
194	53.942760	19.491683	-32.585193	-0.593723	0.010802	-0.804597	-0.804592	0.005856	0.593799	0.011126	0.999925	0.005214
195	52.164648	19.341505	-34.994469	-0.590211	-0.110818	-0.799606	-0.804550	-0.000181	0.593885	-0.065958	0.993841	-0.089051
196	50.410128	18.831453	-37.371615	-0.578117	-0.228427	-0.783327	-0.804960	0.002603	0.593323	-0.133492	0.973558	-0.185380
197	48.703449	17.976018	-39.683578	-0.558557	-0.340614	-0.756304	-0.805207	0.003756	0.592982	-0.199137	0.940196	-0.276362
198	47.064452	16.799165	-41.901613	-0.533534	-0.441049	-0.721677	-0.804984	0.003001	0.593289	-0.259503	0.897478	-0.356639
199	45.500923	15.357349	-44.016175	-0.510131	-0.513432	-0.690039	-0.805186	0.003013	0.593015	-0.302393	0.858125	-0.414945
200	43.989858	13.765761	-46.061369	-0.500565	-0.538467	-0.677855	-0.805559	0.002971	0.592508	-0.317032	0.842641	-0.435254
201	42.474983	12.185809	-48.112622	-0.512939	-0.504423	-0.694587	-0.804947	0.001506	0.593344	-0.298250	0.863456	-0.406806
202	40.896931	10.795832	-50.250324	-0.540459	-0.413792	-0.732584	-0.805463	0.002807	0.592640	-0.243174	0.910367	-0.334811
203	39.233079	9.740397	-52.509451	-0.567288	-0.286510	-0.772073	-0.808689	0.016689	0.588000	-0.155583	0.957932	-0.241165
204	37.507866	9.076560	-54.869528	-0.579863	-0.159022	-0.799044	-0.813339	0.056042	0.579084	-0.047308	0.985683	-0.161836
205	35.771162	8.757585	-57.293254	-0.575429	-0.059688	-0.815670	-0.814465	0.132490	0.564884	0.074352	0.989385	-0.124853
206	34.067126	8.681411	-59.760478	-0.559152	0.002789	-0.829061	-0.803039	0.246773	0.542432	0.206103	0.969069	-0.135744
207	32.422259	8.742389	-62.268359	-0.536676	0.033381	-0.843128	-0.768638	0.392883	0.504816	0.348102	0.918982	-0.185193
208	30.851739	8.861692	-64.821473	-0.509297	0.043689	-0.859481	-0.700858	0.558511	0.443693	0.499414	0.828346	-0.253828
209	29.376025	8.996215	-67.429693	-0.472060	0.045351	-0.880399	-0.592850	0.722790	0.355111	0.652448	0.689578	-0.314314
210	28.040719	9.131722	-70.112110	-0.413030	0.044729	-0.909618	-0.455580	0.854692	0.248893	0.788576	0.517204	-0.332636
211	26.938337	9.262312	-72.897630	-0.313461	0.041565	-0.948691	-0.316406	0.937381	0.145615	0.895337	0.345816	-0.280681
212	26.211936	9.373823	-75.803058	-0.162007	0.031229	-0.986295	-0.211229	0.975235	0.065574	0.963917	0.218957	-0.151399
213	26.013044	9.440223	-78.790756	0.034622	0.011928	-0.999329	-0.163322	0.986554	0.006118	0.985965	0.163001	0.036105
214	26.434291	9.441969	-81.755175	0.246010	-0.011136	-0.969203	-0.145028	0.988254	-0.048166	0.958356	0.152411	0.241505
215	27.477722	9.373300	-84.560818	0.446615	-0.034071	-0.894078	-0.134286	0.985403	-0.104630	0.884592	0.166791	0.435520
216	29.091149	9.244231	-87.080015	0.624304	-0.050207	-0.779566	-0.137511	0.975287	-0.172936	0.768983	0.215164	0.601972
217	31.192643	9.085873	-89.207616	0.770936	-0.052412	-0.634752	-0.150111	0.953581	-0.261056	0.618970	0.296541	0.727282
218	33.680248	8.948877	-90.870032	0.881259	-0.035525	-0.471297	-0.157599	0.918015	-0.363884	0.445585	0.394952	0.803410
219	36.442373	8.892165	-92.027786	0.953956	0.000874	-0.299944	-0.147218	0.872623	-0.465678	0.261331	0.488394	0.832573
220	39.367659	8.970945	-92.668986	0.990323	0.054022	-0.127838	-0.115706	0.830032	-0.545581	0.076637	0.555093	0.828250
221	42.349844	9.226822	-92.797044	0.992149	0.117797	0.042012	-0.070164	0.802350	-0.592715	-0.103528	0.585114	0.804316
222	45.286625	9.681630	-92.418775	0.959980	0.185511	0.209818	-0.021754	0.796295	-0.604517	-0.279221	0.575760	0.768464
223	48.074422	10.338145	-91.541226	0.892412	0.251491	0.374636	0.020901	0.806342	-0.591081	-0.450737	0.535318	0.714333
224	50.601309	11.183875	-90.174240	0.784694	0.310822	0.536326	0.055730	0.826326	-0.560428	-0.617373	0.469654	0.631091
225	52.734486	12.189606	-88.330247	0.629127	0.356380	0.690791	0.069417	0.859392	-0.506583	-0.774197	0.366657	0.515928
226	54.330566	13.293503	-86.051957	0.429683	0.373357	0.822178	0.049174	0.899491	-0.434164	-0.901640	0.226983	0.368137
227	55.320386	14.386347	-83.445739	0.239048	0.347690	0.906624	0.013575	0.932406	-0.361157	-0.970913	0.098641	0.218170
228	55.846124	15.347965	-80.655485	0.126590	0.290068	0.948596	-0.013330	0.956701	-0.290768	-0.991866	0.024164	0.124976
229	56.157753	16.116790	-77.773300	0.091633	0.221587	0.970826	-0.022654	0.975139	-0.220433	-0.995535	-0.001794	0.094375
230	56.431140	16.673982	-74.838895	0.092820	0.149234	0.984436	-0.016143	0.988800	-0.148374	-0.995552	-0.002120	0.094189
231	56.716132	17.008331	-71.871980	0.096481	0.073184	0.992641	-0.005655	0.997317	-0.072979	-0.995319	0.001428	0.096636
232	57.005751	17.110929	-68.888524	0.096223	-0.004943	0.995348	0.016639	0.999856	0.003357	-0.995221	0.016239	0.096291
233	57.292694	16.978843	-65.905968	0.095190	-0.082912	0.992000	0.081744	0.993811	0.075220	-0.992097	0.073930	0.101379
234	57.577915	16.615521	-62.942479	0.094813	-0.158716	0.982761	0.203593	0.969434	0.136922	-0.974454	0.187101	0.124229
235	57.860339	16.030692	-60.014305	0.093312	-0.230424	0.968606	0.372692	0.910206	0.180628	-0.923252	0.344137	0.170810
236	58.137427	15.237592	-57.134967	0.091423	-0.297471	0.950344	0.562519	0.802920	0.197211	-0.821714	0.516557	0.240738
237	58.407796	14.252649	-54.314731	0.088257	-0.357542	0.929718	0.735007	0.653324	0.181476	-0.672291	0.667332	0.320456
238	58.660882	13.106676	-51.554149	0.079089	-0.403055	0.911752	0.867680	0.478130	0.136100	-0.490792	0.780345	0.387537
239	58.874572	11.861476	-48.833250	0.062461	-0.421253	0.904790	0.954553	0.289922	0.069085	-0.291421	0.859355	0.420217
240	59.035694	10.617610	-46.108141	0.046443	-0.400760	0.915005	0.995337	0.096094	-0.008433	-0.084547	0.911130	0.403354
241	59.171317	9.499326	-43.328297	0.048789	-0.337629	0.940014	0.991088	-0.100433	-0.087513	0.123955	0.935906	0.329720
242	59.361830	8.629174	-40.465193	0.084920	-0.237113	0.967763	0.943792	-0.292252	-0.154422	0.319446	0.926481	0.198967
243	59.724824	8.101757	-37.537168	0.164336	-0.112002	0.980025	0.863185	-0.464516	-0.197831	0.477395	0.878453	0.020341
244	60.385610	7.960867	-34.618204	0.281529	0.016603	0.959409	0.766055	-0.605998	-0.214304	0.577842	0.795293	-0.183324
245	61.435751	8.185868	-31.821889	0.421049	0.129998	0.897674	0.670063	-0.711614	-0.211236	0.611337	0.690439	-0.386731
246	62.919659	8.719921	-29.275995	0.568645	0.222626	0.791884	0.585415	-0.785815	-0.199461	0.577869	0.577003	-0.577179
247	64.843529	9.500461	-27.119083	0.712189	0.294004	0.637454	0.513073	-0.837764	-0.186835	0.479106	0.460123	-0.747492
248	67.172860	10.459664	-25.503927	0.835844	0.340784	0.430386	0.445973	-0.878683	-0.170366	0.320115	0.334340	-0.886422
249	69.818146	11.511859	-24.587295	0.919049	0.353829	0.173647	0.377897	-0.916224	-0.133145	0.111989	0.187988	-0.975766
250	72.626759	12.532101	-24.484160	0.942755	0.316416	-0.105329	0.313975	-0.948612	-0.039445	-0.112398	0.004116	-0.993655
251	75.411842	13.348458	-25.202722	0.904076	0.217525	-0.367871	0.276834	-0.953851	0.116325	-0.325590	-0.207006	-0.922572
252	77.996739	13.782926	-26.641811	0.810923	0.064777	-0.581556	0.270459	-0.922816	0.274339	-0.518898	-0.379755	-0.765853
253	80.231820	13.709069	-28.627534	0.672236	-0.115541	-0.731265	0.261617	-0.886946	0.380637	-0.692572	-0.447189	-0.566009
254	81.992390	13.100779	-30.968344	0.495947	-0.285051	-0.820233	0.185272	-0.888099	0.420659	-0.848358	-0.360591	-0.387638
255	83.177880	12.044336	-33.504780	0.290296	-0.409329	-0.864973	0.013192	-0.902100	0.431326	-0.956846	-0.136623	-0.256476
256	83.718210	10.713310	-36.130976	0.069005	-0.465438	-0.882386	-0.216231	-0.870446	0.442230	-0.973901	0.160283	-0.160707
257	83.597914	9.326296	-38.781725	-0.146389	-0.447018	-0.882466	-0.431835	-0.773711	0.463563	-0.889994	0.448940	-0.079775
258	82.867110	8.093815	-41.411361	-0.334953	-0.365871	-0.868300	-0.577508	-0.648433	0.496004	-0.744507	0.667588	0.005902
259	81.627284	7.171167	-43.977093	-0.484622	-0.244519	-0.839853	-0.653969	-0.536360	0.533519	-0.580918	0.807793	0.100024
260	79.998895	6.643533	-46.435739	-0.594982	-0.105727	-0.796755	-0.680291	-0.461663	0.569273	-0.428020	0.880732	0.202756
261	78.087213	6.541992	-48.740502	-0.675446	0.038956	-0.736379	-0.676393	-0.430473	0.597650	-0.293710	0.901762	0.317111
262	75.968587	6.884396	-50.830715	-0.733460	0.190812	-0.652401	-0.660126	-0.428813	0.616728	-0.162079	0.883012	0.440477
263	73.712308	7.674332	-52.636768	-0.766155	0.329957	-0.551484	-0.642279	-0.422502	0.639507	-0.021993	0.844168	0.535627
264	71.393226	8.801165	-54.167587	-0.778471	0.406664	-0.478129	-0.621024	-0.388369	0.680807	0.091169	0.826918	0.554882
265	69.036917	10.020807	-55.567441	-0.794464	0.389979	-0.465556	-0.590064	-0.314280	0.743675	0.143703	0.865531	0.479797
266	66.618344	11.064308	-57.000582	-0.818295	0.296020	-0.492712	-0.558336	-0.205672	0.803716	0.136579	0.932776	0.333579
267	64.132043	11.762715	-58.522778	-0.837833	0.167061	-0.519737	-0.538916	-0.101018	0.836280	0.087207	0.980758	0.174669
268	61.600657	12.058175	-60.100828	-0.847495	0.028910	-0.530016	-0.530737	-0.030252	0.846997	0.008453	0.999124	0.040982
269	59.062520	11.933968	-61.690738	-0.842048	-0.110251	-0.528014	-0.531539	0.003074	0.847028	-0.091762	0.993899	-0.061191
270	56.560554	11.417052	-63.259890	-0.824965	-0.227224	-0.517496	-0.532598	0.006132	0.846346	-0.189137	0.973823	-0.126078
271	54.108607	10.630760	-64.798423	-0.812554	-0.282569	-0.509814	-0.530871	-0.002406	0.847449	-0.240690	0.959244	-0.148053
272	51.661174	9.821864	-66.332763	-0.822497	-0.240479	-0.515430	-0.529673	-0.006327	0.848178	-0.207230	0.970634	-0.122171
273	49.163861	9.274605	-67.898361	-0.841799	-0.112930	-0.527845	-0.531799	0.005862	0.846850	-0.092541	0.993586	-0.064990
274	46.627619	9.183743	-69.491390	-0.845209	0.055461	-0.531551	-0.531991	0.007720	0.846715	0.051063	0.998431	0.022980
275	44.113054	9.615541	-71.061885	-0.828893	0.232002	-0.509030	-0.539554	-0.091298	0.836986	0.147709	0.968421	0.200853
276	41.658714	10.557411	-72.499384	-0.808011	0.389802	-0.441783	-0.562713	-0.288423	0.774704	0.174561	0.874566	0.452396
277	39.252093	11.892956	-73.687120	-0.800106	0.486865	-0.350418	-0.578773	-0.473041	0.664270	0.157647	0.734299	0.660267
278	36.835494	13.394972	-74.636337	-0.814492	0.501390	-0.291909	-0.567746	-0.585225	0.578943	0.119444	0.637275	0.761324
279	34.348129	14.830450	-75.501855	-0.845595	0.444831	-0.295119	-0.526838	-0.606245	0.595742	0.086090	0.659236	0.746992
280	31.759230	16.012066	-76.445395	-0.879811	0.336220	-0.335988	-0.470658	-0.517445	0.714655	0.066427	0.786897	0.613499
281	29.075654	16.822027	-77.507107	-0.908054	0.200997	-0.367475	-0.414290	-0.301861	0.858629	0.061655	0.931923	0.357377
282	26.318385	17.206164	-78.617627	-0.928572	0.053580	-0.367264	-0.368336	-0.011374	0.929623	0.045632	0.998499	0.030297
283	23.519278	17.134805	-79.685875	-0.934028	-0.102032	-0.342316	-0.356836	0.223368	0.907069	-0.016087	0.969379	-0.245041
284	20.737301	16.610810	-80.671338	-0.917525	-0.238761	-0.318025	-0.382160	0.308165	0.871200	-0.110005	0.920884	-0.373994
285	18.013152	15.794084	-81.625276	-0.903048	-0.283930	-0.322316	-0.387817	0.216341	0.895988	-0.184668	0.934120	-0.305479
286	15.276502	15.056094	-82.603829	-0.928422	-0.183874	-0.322836	-0.321773	-0.036429	0.946116	-0.185726	0.982275	-0.025344
287	12.427161	14.755900	-83.478009	-0.969162	-0.020146	-0.245601	-0.221370	-0.366694	0.903621	-0.108265	0.930123	0.350926
288	9.480800	14.834851	-84.021754	-0.991990	0.048503	-0.116633	-0.120820	-0.633741	0.764052	-0.036857	0.772023	0.634525
289	6.490213	14.915406	-84.224362	-0.999498	-0.011565	-0.029507	-0.011467	-0.736007	0.676877	-0.029545	0.676875	0.735505
290	3.500150	14.701935	-84.269656	-0.990821	-0.134823	-0.009795	0.087336	-0.693769	0.714882	-0.103178	0.707465	0.699176
291	0.563868	14.099781	-84.314686	-0.963678	-0.266096	-0.022739	0.137539	-0.567476	0.811821	-0.228927	0.779207	0.583463
292	-2.266350	13.115672	-84.409114	-0.921652	-0.386051	-0.039023	0.132459	-0.407561	0.903520	-0.364709	0.827562	0.426766
293	-4.972789	11.829700	-84.536363	-0.886612	-0.460507	-0.043051	0.087692	-0.258762	0.961952	-0.454125	0.849103	0.269804
294	-7.627969	10.438105	-84.650599	-0.892964	-0.449090	-0.030561	0.039208	-0.145238	0.988620	-0.448418	0.881603	0.147300
295	-10.373386	9.235003	-84.711192	-0.941000	-0.338247	-0.010370	0.012279	-0.064751	0.997826	-0.338183	0.938827	0.065084
296	-13.270110	8.470201	-84.722613	-0.985897	-0.167351	0.000606	0.003675	-0.018028	0.999831	-0.167312	0.985733	0.018389
297	-16.256780	8.231967	-84.717028	-0.999970	0.007396	0.002294	0.002294	-0.000031	0.999997	0.007396	0.999973	0.000015
298	-19.239851	8.512256	-84.710296	-0.983598	0.180363	0.002131	0.002345	0.000973	0.999997	0.180361	0.983600	-0.001380
299	-22.126802	9.313370	-84.704165	-0.936383	0.350974	0.001985	0.001997	-0.000326	0.999998	0.350974	0.936385	-0.000396
300	-24.846591	10.573487	-84.698293	-0.878697	0.477376	0.001904	0.002243	0.000141	0.999997	0.477375	0.878699	-0.001195
301	-27.435011	12.089509	-84.692977	-0.855848	0.517224	0.001670	0.002160	0.000345	0.999998	0.517223	0.855850	-0.001413
302	-30.036935	13.581731	-84.687936	-0.886900	0.461958	0.001777	0.002124	0.000233	0.999998	0.461956	0.886902	-0.001188
303	-32.782231	14.784983	-84.681913	-0.943705	0.330782	0.002192	0.002566	0.000693	0.999996	0.330779	0.943707	-0.001503
304	-35.684763	15.528023	-84.675244	-0.986958	0.160961	0.002171	0.002339	0.000858	0.999997	0.160959	0.986960	-0.001223
305	-38.673139	15.738826	-84.669165	-0.999769	-0.021420	0.001978	0.002010	-0.001442	0.999997	-0.021417	0.999770	0.001485
306	-41.649581	15.399196	-84.662644	-0.978974	-0.203969	0.002390	0.002976	-0.002570	0.999992	-0.203961	0.978974	0.003123
307	-44.517143	14.530689	-84.655030	-0.929251	-0.369441	0.002597	0.001166	0.004097	0.999991	-0.369448	0.929245	-0.003376
308	-47.220510	13.234593	-84.648237	-0.876124	-0.482084	0.001502	0.000737	0.001777	0.999998	-0.482086	0.876123	-0.001202
309	-49.816876	11.731830	-84.644798	-0.864593	-0.502468	0.002107	0.029746	-0.046998	0.998452	-0.501591	0.863317	0.055581
310	-52.469011	10.332965	-84.616355	-0.911352	-0.410980	0.023099	0.090836	-0.146063	0.985096	-0.401480	0.899867	0.170447
311	-55.295116	9.353034	-84.463279	-0.968474	-0.234257	0.084745	0.143655	-0.247252	0.958243	-0.203522	0.940207	0.273110
312	-58.236604	8.917036	-84.099320	-0.985663	-0.067898	0.154464	0.167424	-0.279959	0.945300	-0.020941	0.957608	0.287313
313	-61.187801	8.839619	-83.570035	-0.981402	-0.004302	0.191918	0.190210	-0.156731	0.969152	0.025911	0.987632	0.154634
314	-64.127060	8.786596	-82.972846	-0.978345	-0.041864	0.202704	0.197352	0.106565	0.974523	-0.062399	0.993424	-0.095996
315	-67.060325	8.582377	-82.379241	-0.978945	-0.085377	0.185410	0.140082	0.379678	0.914452	-0.148469	0.921171	-0.359724
316	-70.018379	8.390300	-81.926851	-0.994231	-0.022472	0.104879	0.077991	0.519810	0.850714	-0.073635	0.853986	-0.515059
317	-73.007757	8.524470	-81.784532	-0.992987	0.117844	-0.009413	0.041081	0.418626	0.907229	0.110852	0.900480	-0.420531
318	-75.951032	9.073129	-81.931712	-0.968858	0.236208	-0.074300	-0.052718	0.096413	0.993944	0.241941	0.966908	-0.080958
319	-78.836698	9.860691	-82.158196	-0.958634	0.276091	-0.069247	-0.151986	-0.290795	0.944637	0.240669	0.916085	0.320728
320	-81.721967	10.663968	-82.327933	-0.967145	0.250620	-0.042669	-0.197974	-0.637166	0.744866	0.159491	0.728840	0.665848
321	-84.645736	11.327731	-82.412644	-0.982123	0.187769	-0.013317	-0.174837	-0.883687	0.434199	0.069761	0.428765	0.900718
322	-87.611640	11.771826	-82.401757	-0.994152	0.105827	0.021490	-0.103118	-0.989420	0.102055	0.032063	0.099242	0.994547
323	-90.602713	11.949878	-82.283123	-0.998331	0.010679	0.056760	-0.019184	-0.988273	-0.151488	0.054477	-0.152324	0.986828
324	-93.589668	11.820020	-82.057857	-0.990115	-0.100764	0.097561	0.068998	-0.955542	-0.286667	0.122110	-0.277102	0.953050
325	-96.512265	11.318364	-81.630782	-0.949171	-0.237120	0.206999	0.168471	-0.938226	-0.302241	0.265879	-0.252005	0.930485
326	-99.197578	10.403244	-80.689490	-0.821496	-0.365535	0.437640	0.298829	-0.929646	-0.215544	0.485639	-0.046288	0.872933
327	-101.333965	9.218168	-78.975185	-0.593422	-0.404174	0.696056	0.492148	-0.866492	-0.083559	0.636899	0.292977	0.713108
328	-102.773490	8.090448	-76.609487	-0.379282	-0.332979	0.863290	0.669174	-0.743069	0.007390	0.639024	0.580494	0.504654
329	-103.679576	7.277080	-73.874060	-0.230732	-0.203255	0.951551	0.766066	-0.640903	0.048857	0.599921	0.740224	0.303584
330	-104.157917	6.892102	-70.943456	-0.085905	-0.052265	0.994931	0.799674	-0.599258	0.037566	0.594257	0.798848	0.093275
331	-104.196387	6.949399	-67.949111	0.056295	0.082761	0.994978	0.801359	-0.598168	0.004414	0.595529	0.797086	-0.099995
332	-103.858802	7.309083	-64.991843	0.161356	0.141147	0.976751	0.826273	-0.560529	-0.055497	0.539664	0.816017	-0.207070
333	-103.272984	7.717825	-62.078679	0.221952	0.120822	0.967543	0.878259	-0.455814	-0.144551	0.423555	0.881837	-0.207282
